94273	89
49751	43
28099	40
68649	18
82281	65
63641	0
45720	37
899	88
87945	37
1667	48
24396	69
55880	73
75642	31
39270	11
97458	81
91265	74
79447	71
63966	71
42822	40
68723	31
22504	59
9176	73
17695	58
88241	57
86362	97
68757	16
42853	3
83057	96
80203	82
93560	76
23542	4
99157	49
95108	6
60863	80
19306	40
88870	34
41591	45
65391	70
21395	20
35056	74
87868	42
55130	36
11947	77
98866	21
84653	13
8990	81
5946	80
9866	6
60859	71
84973	56
22059	4
39336	89
9694	40
40308	98
37912	41
91268	79
90717	73
73651	51
57088	2
21245	71
34820	57
23228	72
76174	35
79489	55
487	3
90061	85
6551	19
37866	95
64504	76
82869	56
49972	76
58140	55
66734	66
47895	88
86617	86
81385	4
80800	81
99483	96
11473	64
40852	94
50307	36
52984	60
95100	98
49527	37
56562	63
4926	13
8918	18
67955	94
48560	57
12830	27
50318	59
56048	16
42372	55
52999	41
47126	26
51702	94
29325	3
91212	65
93986	67
85424	88
24967	60
47106	75
42556	26
24166	66
73459	22
98135	3
72424	61
18346	32
14597	69
13744	1
50756	51
32535	97
18856	47
19970	9
99674	65
22882	99
46267	5
4800	100
41692	94
88125	63
28713	79
99050	74
96149	6
20800	38
52570	48
26369	53
27949	55
11499	21
77703	57
67157	53
25235	23
71701	27
84193	56
27706	72
26801	69
1506	77
30844	66
40750	31
55190	36
8176	98
4905	57
57647	18
22433	71
11827	37
48945	22
88328	87
97108	48
92286	41
71217	100
96873	99
42233	38
40682	28
57844	25
79848	16
61609	28
14673	60
58777	67
49295	2
75936	15
38845	3
47740	3
36498	91
53283	21
52905	52
93238	6
4108	50
58362	27
92329	3
95109	29
82985	12
72155	95
37897	65
76862	18
56110	83
92056	75
61009	35
13821	57
67165	98
11854	23
13766	69
96111	47
56444	70
56129	95
60844	80
15936	81
62694	76
40972	57
37718	19
44069	63
84224	99
1941	8
73001	58
56872	98
40563	82
56758	30
21340	47
31436	100
78146	39
30644	67
62692	5
59016	88
98254	63
25430	65
93821	58
36571	10
35877	80
8572	90
1340	86
15105	38
90802	2
2966	32
6292	64
16812	51
98834	86
22072	3
13544	35
97787	94
46709	30
61359	86
73429	23
67171	47
79977	25
41047	32
47782	9
83880	86
71670	54
20909	51
26144	23
62185	0
58514	20
40049	15
29233	52
87893	87
93112	46
95484	76
33588	18
1825	62
78539	71
43759	62
27562	73
13413	38
17172	57
57874	70
14886	89
75570	57
66817	83
47317	40
55291	26
90537	33
52632	53
79214	1
43285	74
48500	3
38959	75
11943	81
91904	31
53219	93
24950	41
21320	18
54873	6
20171	55
83887	97
24439	86
50651	58
68863	77
8897	57
42849	2
97061	93
15800	88
8906	92
40041	100
302	78
43517	80
19707	0
83916	42
80331	72
54018	46
83264	64
77306	78
1647	32
63861	16
92097	30
70154	2
70428	99
19666	14
63908	5
58084	88
3903	6
85240	94
39068	50
5969	21
67542	58
77217	4
62191	63
789	45
44309	59
62560	26
55918	5
92813	76
63639	15
34958	24
20357	59
69281	40
21192	74
12309	19
58923	92
58825	15
9184	99
34217	51
95589	60
60892	62
51545	73
3680	11
28214	70
86721	97
54681	93
85487	34
25919	26
291	28
37425	18
16693	21
10562	26
82233	25
19976	37
23659	84
41564	97
87127	15
51944	9
26619	63
57145	87
12181	94
29757	81
32222	24
10910	47
84864	12
52844	99
51556	56
94606	60
88535	57
7913	72
25881	17
57499	51
53494	73
96644	1
91544	53
60350	25
73310	33
6879	54
42485	100
64759	14
61963	18
23349	39
45467	24
42409	12
44380	100
81305	21
29412	20
56545	51
90020	86
28110	83
59411	2
8854	10
50734	8
25634	48
73130	91
94161	53
51566	86
4714	82
3133	77
22638	59
95553	15
98703	29
88426	77
36842	96
13740	17
15147	6
47170	99
83632	70
87297	39
74357	61
75088	20
38766	68
64699	49
82148	30
55250	36
81671	62
35735	25
25588	32
19240	22
52726	53
14938	86
17778	48
22368	75
88667	45
48368	13
41183	86
63502	77
12391	98
52034	82
61677	32
75655	71
13461	45
65474	23
62908	73
68975	96
28779	1
77234	28
2722	6
74428	86
81923	93
14467	55
79984	52
94977	94
9750	61
57515	40
95977	6
51942	75
78279	38
86937	2
97025	73
20641	8
73640	44
73620	21
52036	98
61013	44
32804	55
2088	6
34517	82
32951	70
41522	87
98969	99
63851	27
70805	16
42485	33
23734	7
23184	77
14982	96
68683	48
79964	16
61722	69
15285	49
68182	98
57663	52
57390	46
99659	55
58717	53
49757	79
71326	53
68203	10
40986	74
66292	30
6305	41
22005	86
51503	20
67917	86
40378	38
46453	17
90915	8
82422	22
11412	41
2574	84
35158	79
45592	8
35162	34
34202	84
32498	10
72664	88
12286	78
35723	23
89183	40
65965	75
82208	88
65910	58
59838	2
4575	92
82036	10
66257	77
89450	21
50775	24
78077	13
42663	16
21409	98
90979	59
91520	52
4367	88
9729	26
94518	24
1985	30
73447	7
76170	41
69177	32
18865	86
19560	62
70134	62
63089	74
9449	15
44278	13
86859	99
73051	23
36650	48
62256	3
70385	5
97248	79
65792	52
69306	32
5286	50
82038	61
97146	44
45455	15
5539	49
46289	90
91888	61
50896	74
40321	38
41717	95
64083	79
42104	75
71841	56
77298	1
74094	97
81003	23
44786	5
80324	66
82763	77
28465	6
24991	50
92834	37
94802	71
51956	56
44617	13
30990	6
57714	7
73126	60
86642	24
16402	5
56484	89
58915	17
64166	37
68345	27
26441	22
47520	3
98775	94
66408	19
42209	88
65382	79
59100	63
1066	92
31398	7
52854	83
28562	72
67034	47
55416	85
29728	95
30913	2
37751	23
73387	52
11021	100
4790	59
10326	81
6697	98
8827	93
64174	48
95690	43
33129	13
74277	0
98693	59
46199	62
14048	82
49830	95
50143	49
25535	41
44823	16
30171	12
89184	70
85282	57
38500	43
40200	93
36789	26
37262	56
82682	90
56859	84
57151	37
86284	26
85527	50
20899	6
22596	45
92345	30
20370	76
68489	47
54217	87
86821	78
66647	44
91502	21
38137	86
39612	86
1538	35
65033	76
67744	60
71027	78
50944	19
57452	64
53662	96
74474	9
57934	1
25258	91
95621	91
99639	98
7333	7
99344	100
42590	47
98618	85
18856	82
10293	12
75298	23
61375	49
21095	63
72309	55
37431	90
57312	9
63092	77
5786	53
21247	99
40474	33
82559	51
46659	86
79821	0
68371	0
73472	12
64553	0
44253	48
93617	91
56621	77
78174	31
84871	26
37356	37
10893	87
996	36
9814	60
2477	46
24751	85
66955	42
37015	30
16296	45
93116	72
85688	25
77877	75
33790	61
8766	27
98267	100
12396	49
30954	72
6968	67
22058	86
96940	83
18159	41
17481	49
39058	49
47434	74
36331	74
20648	7
17710	15
82779	42
70998	73
68133	63
53969	83
77822	11
62506	88
730	41
57912	86
60233	52
47451	0
65179	31
1951	8
37260	55
27117	21
32087	16
70784	68
14665	2
18846	15
14893	43
62837	14
90626	37
57642	82
64483	75
34877	69
81633	22
63870	83
92290	3
13196	40
95196	68
88806	75
76081	67
63974	33
30940	9
1347	3
90872	13
86045	49
46789	48
65224	18
64535	97
73079	71
3080	85
18191	13
92494	27
68681	40
72582	71
10498	100
23839	68
61458	13
59109	1
46588	65
45729	45
75139	97
78511	55
4920	57
1666	31
40787	78
5018	89
15607	97
77567	18
87283	54
49719	29
65500	47
45017	99
62296	31
4629	12
27264	71
42609	83
75164	59
11849	42
36884	61
65150	20
9088	99
70261	1
31943	53
93278	79
81219	91
40177	18
19052	83
11815	80
94434	41
74000	65
18158	61
75284	14
98229	49
48134	88
63975	8
19174	41
47626	2
97615	91
12149	2
49364	4
53031	70
41490	33
44160	88
22545	9
17131	20
96208	65
94864	87
91659	67
69344	46
30409	72
81522	94
91840	74
8073	58
16551	77
62539	39
43225	13
54740	26
16693	30
35842	93
35390	0
79880	78
74353	100
95529	38
82467	22
41207	71
29935	80
28046	3
58911	13
31219	35
49375	97
5200	18
83781	76
17977	40
78264	26
72612	55
98224	89
78615	91
5282	40
95174	65
94807	4
71686	91
24931	92
59323	70
48977	10
28684	96
56671	30
51035	57
58847	78
7935	77
10208	13
4873	95
36901	76
39806	20
33039	34
5696	79
66006	78
15443	76
30631	3
67455	93
57641	23
35317	40
22329	16
91444	79
65998	62
3930	77
41302	23
95033	31
64577	16
91529	6
33152	75
91004	42
29302	41
96060	33
4109	95
12243	64
51017	50
90921	4
48342	27
46348	74
48798	93
80968	7
88540	33
21030	51
2209	7
44279	15
10639	51
47547	96
30646	93
15503	73
91079	86
28654	9
28619	8
38156	30
55153	63
97140	45
52019	26
16310	87
92107	49
66308	98
44319	51
65726	73
61678	8
34116	38
90025	42
27652	1
62443	53
3181	100
3623	93
89569	55
91494	31
81901	57
58355	14
17551	97
63360	15
46248	29
33460	15
66202	51
71127	72
46551	40
97427	60
25615	65
30190	85
12708	61
77388	4
32760	41
45933	90
21049	80
11366	44
21292	22
56267	12
88803	12
16679	14
93548	82
60172	98
45102	64
58477	100
46881	33
10202	94
15565	53
88264	49
16682	97
81973	4
77147	85
26793	61
57762	5
97241	8
75040	25
6036	46
75303	44
44185	64
8634	62
83713	15
87296	77
32104	2
60969	78
37575	92
14580	23
69178	21
65023	46
97559	40
99957	17
12753	86
56099	48
140	64
81141	92
41378	95
79983	35
30327	80
69422	17
43929	63
35945	77
50110	68
79914	98
63911	83
80232	12
74096	54
46394	19
39332	73
19638	53
9377	10
25940	11
27374	8
21710	83
51898	46
45081	59
12318	45
69968	32
33346	62
32718	77
67349	51
33479	19
81539	2
91343	1
6377	24
54991	0
90281	43
91976	63
74003	7
81827	0
76122	49
64417	77
79008	72
24321	77
93321	39
52810	80
48702	79
31237	97
18056	48
1731	36
26424	40
99051	9
34277	59
13622	38
75700	30
80117	67
67621	27
36611	68
63588	56
65315	70
54115	58
28060	94
19906	42
6823	71
12428	73
53441	29
54450	54
11416	13
63706	76
76331	13
50434	35
99587	50
30273	98
25137	40
84704	54
56512	65
25013	18
6382	20
38061	90
27325	12
35763	80
67469	23
84217	64
19448	29
20281	51
11129	42
63711	57
7709	40
43723	40
